avgWaitTime0: 0.111111
avgWaitTime1: 0.111111
avgQLen: 0.027778
avgCPUUtil: 0.308160
avgBalance: 2.823529
